00100000 00010000 00000000 00000000 
00100000 00001101 00000000 00000101
00100000 00001011 00000000 00001000
00100001 10101101 11111111 11111111
00010001 10100000 00000000 00001100
00000100 00010000 10001000 00100000
00000100 00001101 01110000 00100000
10001110 00101001 00000000 00000000
10001110 00101010 00000000 00000100
00000101 01001001 01000000 00101010
00010001 00000000 00000000 00000010
10101110 00101010 00000000 00000000
10101110 00101001 00000000 00000100
00100010 00110001 00000000 00000100
00100001 11001110 11111111 11111111
00010101 11000000 11111111 11110111
00000101 01100000 00000000 00001000
00100000 00000010 00000000 00000001